1.0 0.1849186501418258 -0.14180235641130023 0.1607243334016063 -0.06084824580535956 -0.11628454209884147 0.06241323414187542 -0.061927135698745424 -0.02259587719975846 -0.023441647841216294 -0.015257504665830299 -0.020668050601987356 -0.03619745093776658 -0.015258158975010138 0.006646121633079421 0.16889916337638963 -0.04839943931480972 -0.059238087463693995 -0.08584067349245243 -0.03554472952696898 -0.10980407282104614 -0.0944833164427817 -0.1053760797069506 -0.019806720547429824 -0.014884072963631922 -0.0012150562769520032 -0.05755491924408165 -0.05246695003044726 -0.04149014959308197 0.059455333129382754 -0.06539248035018198 -0.029943890946431677 -0.020483401109994723 -0.05603929047532481 0.015353127542445243 -0.04733722209600914 -0.03521552215758728 -0.057544265020928714 -0.04463228225814614 -0.05042175278129082 -0.05692551180898887 
0.1849186501418258 1.0 0.17516446542675304 -0.1986284008731756 0.010439416232517417 0.11481229303119397 -0.15696786829976592 0.02479341089379843 -0.06462878931089282 -0.022433694677321734 -0.011398093597084394 -0.01641311431300003 -0.030488533985322593 -0.011398701057614502 -0.0060983330052699755 0.09177310747644532 -0.04439881012128961 -0.06056462492116459 -0.08134335619119823 -0.028430635404348686 -0.11422831995471916 -0.08320773847872893 -0.09216471775556273 -0.015734459048571375 -0.011302562188234786 0.002335096532256153 -0.05015979847142816 -0.044935825233873065 -0.03439238550597276 0.04237164686690845 -0.058430149269590406 -0.04699017540715228 -0.01572821146687235 -0.041519289112618096 0.012776488642779533 -0.043262887805855535 -0.030539809445153946 -0.04952107571517056 -0.038135414045714806 -0.04441377274006776 -0.0549889830153794 
-0.14180235641130023 0.17516446542675304 1.0 0.14976147547744223 0.0756570530978171 0.30121752585994915 -0.3317432268701696 0.0904625907067208 -0.11616687594717517 -0.018563619612417422 0.004148574565093904 -1.6172990015553051E-4 -0.036115632726393454 0.004148043804440483 0.0036231969996631443 0.15722855185582882 -0.0593510778952224 -0.09535792018161052 -0.1308767633845839 -0.02359196660698628 -0.18493067195991833 -0.13134867579811635 -0.14024360927695007 -0.004495994028495869 0.002518305463647868 0.02647786993561533 -0.06178039277951944 -0.054339258350969685 -0.05033951436638703 0.09456575697893783 -0.08229080159176203 -0.07953485291938941 0.005419038913240327 -0.05189772055039812 0.044265811569461855 -0.057741325749620515 -0.03581277389183372 -0.058225222424238575 -0.04494933465596895 -0.05332999857767919 -0.0660554369808923 
0.1607243334016063 -0.1986284008731756 0.14976147547744223 1.0 0.00585665220023444 0.09411762591903455 -0.14111905205011116 0.017095512361025137 -0.06146205817798716 -0.023944238397435813 -0.013227630521834998 -0.01856749598181778 -0.03082518989384188 -0.013228266411915365 -0.008928014468046587 0.08659218713579381 -0.04422500057376618 -0.059057573055814404 -0.07909098737955612 -0.030039556671151425 -0.11080927011135078 -0.08062404024247358 -0.08988185182376986 -0.017436396676238086 -0.013095663449936302 -1.0558895369853945E-4 -0.05030632134990417 -0.04521709981357397 -0.033656980218184585 0.03770838088186414 -0.0581997903904925 -0.0454938219478759 -0.018943702712303823 -0.0415125625070015 0.009197595674936448 -0.043039118418045835 -0.030946754129612442 -0.05015142652006537 -0.03859954858444274 -0.04477399820464584 -0.05545143354025107 
-0.06084824580535956 0.010439416232517417 0.0756570530978171 0.00585665220023444 1.0 0.1286273770858898 0.09947931152627978 -0.35723621250500853 0.14650724243001348 -0.03350198450598814 -0.03541619452992243 -0.04361954603469882 -0.02898910872454568 -0.0354170329100921 -0.035734196053520836 0.009673167293977374 -0.033748484172673274 -0.025367283723744485 -0.029577119081947316 -0.04249889243624258 -0.037418451853071605 -0.029481613280587567 -0.04079739078422872 -0.03648530057147392 -0.03452423763980587 -0.0329564630320017 -0.04083486663778733 -0.03774819131036558 -0.014469180034327737 -0.028014375478981272 -0.03690063502351262 -0.01661329798009458 -0.048728003541649086 -0.03317958039579404 -0.02953535279240362 -0.03134970598566711 -0.029945233598239463 -0.04817288820113387 -0.036820209433753213 -0.041228610248387663 -0.051455273291591594 
-0.11628454209884147 0.11481229303119397 0.30121752585994915 0.09411762591903455 0.1286273770858898 1.0 0.37060040577388537 0.16768136636998424 -0.17895054183547568 -0.038654002887559866 -0.04721142838699565 -0.05746657503934284 -0.04881207535278958 -0.04721258334858786 -0.01247041725641321 0.16024743507879657 -0.05620668577989566 -0.042595522916086856 -0.06230517017908083 -0.06196500746195717 -0.06805438681746197 -0.07580795876578036 -0.09336856303701478 -0.048853101022363773 -0.044813216822514525 -0.03894778606559171 -0.07243045822466614 -0.06647031322239945 -0.03856400745255194 0.014683184562830966 -0.06272320740610768 -0.005988523801032556 -0.054838798898648705 -0.07148402780041663 -0.012605342823594148 -0.055249499215275166 -0.04804544578323507 -0.07826614837943563 -0.060530630200956115 -0.06769627892831856 -0.0766175371184483 
0.06241323414187542 -0.15696786829976592 -0.3317432268701696 -0.14111905205011116 0.09947931152627978 0.37060040577388537 1.0 0.12022856162175066 -0.11885462350727957 -0.034000033379495635 -0.10093605818320245 -0.10772942389878795 -0.028793137032310546 -0.10093753577767402 -0.010671161162441696 -0.0060376041206277 -3.2152173663777906E-4 0.08384512017085635 0.12305014514944766 -0.06738683618612223 0.1848864568848921 0.0794170571743804 0.06375522258457907 -0.08016767067288977 -0.08709657398140815 -0.11128456984533715 -0.029779805926029013 -0.032128304596318887 0.016389033350544084 -0.12481865622933094 0.03289070690441232 0.13231479580036903 -0.11030468266845748 -0.04751427049528119 -0.09739432424821291 0.003447137237592591 -0.027166611825862937 -0.04476029016289817 -0.0349804915604461 -0.03465364898899172 -0.03355498825629316 
-0.061927135698745424 0.02479341089379843 0.0904625907067208 0.017095512361025137 -0.35723621250500853 0.16768136636998424 0.12022856162175066 1.0 0.19728190778471524 -0.03263333236590025 -0.03487397310856248 -0.042866512326793775 -0.031984094302011476 -0.03487483132227094 -0.0261498042658491 0.043449995219464785 -0.03763302235060159 -0.03053157519245249 -0.03843847483504937 -0.043812709432943166 -0.04801451226794038 -0.04147888487502659 -0.05342267052107687 -0.03612522208685805 -0.03370592649278076 -0.03028719274291569 -0.046157802083063124 -0.04254828198998302 -0.019945442371141722 -0.013559134801632374 -0.04226777343735752 -0.0160096197687212 -0.04625307768346113 -0.040184788949713494 -0.022591618666577704 -0.03546115260067291 -0.03249494596769911 -0.052497912687072074 -0.0402883041486453 -0.04516105440285401 -0.0548807112116327 
-0.02259587719975846 -0.06462878931089282 -0.11616687594717517 -0.06146205817798716 0.14650724243001348 -0.17895054183547568 -0.11885462350727957 0.19728190778471524 1.0 -0.03816278271940789 -0.03322395805062985 -0.041439209927141236 -0.025477346901351568 -0.03322481605453401 -0.047701052691363474 -0.06139131134546815 -0.031350269484634596 -0.02975778848055336 -0.028496019790967886 -0.03973122112580909 -0.046557400093574404 -0.021867034088449616 -0.03194683180011665 -0.03451741420722355 -0.0328852144540361 -0.030334334838579197 -0.03495406604311297 -0.03269892259280781 -0.008236696492555089 -0.04583821443438853 -0.03716083293460356 -0.03258266937038347 -0.05387474879873573 -0.021562909951607676 -0.041464788246253305 -0.026991890832042363 -0.02747345046443579 -0.043722136878254284 -0.03307348840926097 -0.0371014675756852 -0.0508603054224689 
-0.023441647841216294 -0.022433694677321734 -0.018563619612417422 -0.023944238397435813 -0.03350198450598814 -0.038654002887559866 -0.034000033379495635 -0.03263333236590025 -0.03816278271940789 1.0 -0.02043389172490853 -0.03628382889281726 -0.03315925357385719 -0.020434318523254894 -0.02936307261537992 0.031492748866875885 -0.03833978633257952 -0.04232019237587945 -0.05212115739379531 -0.03149454963589156 -0.0771697414778614 -0.05231931681229338 -0.06456451827778913 -0.03391205171024717 -0.030214345752611914 -0.02136258819879267 -0.044563168514062106 -0.04459822253000424 -1.3636486653882644E-4 0.07488324826447164 -0.05204142120844561 -0.03414449065177305 -0.08506623904238465 -0.07336624808108178 -0.060905061458572135 0.06849113093563133 -0.026766789615621008 -0.046132313170766354 -0.03749413077907743 0.9270351846238869 0.41920445799698247 
-0.015257504665830299 -0.011398093597084394 0.004148574565093904 -0.013227630521834998 -0.03541619452992243 -0.04721142838699565 -0.10093605818320245 -0.03487397310856248 -0.03322395805062985 -0.02043389172490853 1.0 0.10997013022033539 -0.030966889639355188 -0.19244757318967035 -0.026067813457803322 0.10487263482507382 -0.027366623500696248 -0.00446115800971415 0.017513761353058585 -0.03756854659077733 0.0186956843384292 -0.026609431015843614 -0.03668421290255941 -0.03835893283339249 -0.04099304081987786 -0.03866904150537973 -0.03132003993719105 -0.03458274651070805 0.00375489174343112 -0.0036658756676909146 0.03479828215271365 0.03313372816775716 0.05064760539838396 -0.04199678856481053 0.09260106585489568 -0.08899424378958089 -0.031736226518805144 -0.051157500185120316 -0.03917664682402978 -0.046807786446459027 -0.06493959800439472 
-0.020668050601987356 -0.01641311431300003 -1.6172990015553051E-4 -0.01856749598181778 -0.04361954603469882 -0.05746657503934284 -0.10772942389878795 -0.042866512326793775 -0.041439209927141236 -0.03628382889281726 0.10997013022033539 1.0 -0.038409375247390486 0.11001148719669238 -0.0361443784386145 0.1218015653319889 -0.03836115697918599 -0.02332573451861347 -0.006182521159135609 -0.040897088256636495 -0.02750790413323193 -0.060207212971049986 -0.07100701131266192 -0.03629977019337854 -0.03857015531789283 -0.02862322317620412 -0.05030435229333473 -0.04970135781454302 -0.020430551513924162 0.005577721403552985 0.0018199111348699295 0.026625868916212114 0.02578042558674829 -0.05141848474776928 0.07107056847954508 -0.09960167023792728 -0.039420393949330425 -0.06352057397434092 -0.04862730381308472 -0.055457440443075316 -0.07120492784150409 
-0.03619745093776658 -0.030488533985322593 -0.036115632726393454 -0.03082518989384188 -0.02898910872454568 -0.04881207535278958 -0.028793137032310546 -0.031984094302011476 -0.025477346901351568 -0.03315925357385719 -0.030966889639355188 -0.038409375247390486 1.0 -0.03096766220796112 -0.037572373329267814 -0.024999824222225395 -0.030096947323535538 -0.026547436524713135 -0.027989912752985287 -0.03747146665278057 -0.04122115520550685 -0.02481027003743601 -0.03454121349298726 -0.03207874509010205 -0.030389929874252545 -0.028069747340254192 -0.03491148075437444 -0.03250591122232253 -0.010760654227443833 -0.03296905122142759 -0.034941158350501024 -0.023919135667557462 -0.047148364416379165 -0.025006629327768534 -0.03269420833701726 -0.026843260925419703 -0.026373570953292062 -0.04220181292262965 -0.03209249848543662 -0.035951966120917896 -0.04713329146996336 
-0.015258158975010138 -0.011398701057614502 0.004148043804440483 -0.013228266411915365 -0.0354170329100921 -0.04721258334858786 -0.10093753577767402 -0.03487483132227094 -0.03322481605453401 -0.020434318523254894 -0.19244757318967035 0.11001148719669238 -0.03096766220796112 1.0 -0.02607637306310754 0.10487433616188284 -0.02736759971563997 -0.004462059566027635 0.01751245884004186 -0.037569640828072896 0.018694263953504157 -0.026610789257885962 -0.036685715597359746 -0.03835978679870598 -0.04099379444307241 -0.038669646378781064 -0.031322885345942734 -0.03458580950557655 0.0037515541096387614 -0.0036667864415017818 0.03479847952384883 0.033133045877985594 0.05064822047582417 -0.041997551725841346 0.09260254568613659 -0.08899546172771997 -0.03173701743427899 -0.051158778192627 -0.039177627811781336 -0.046809063936985765 -0.06494153242623293 
0.006646121633079421 -0.0060983330052699755 0.0036231969996631443 -0.008928014468046587 -0.035734196053520836 -0.01247041725641321 -0.010671161162441696 -0.0261498042658491 -0.047701052691363474 -0.02936307261537992 -0.026067813457803322 -0.0361443784386145 -0.037572373329267814 -0.02607637306310754 1.0 0.24976321591004969 -0.04199489507065625 -0.04633351669000584 -0.021923353951518777 -0.024857719842625435 -0.047545507960461676 -0.07867421226994953 -0.08645071380194465 -0.02863320199850684 -0.021231240842813654 -0.006474348207773871 -0.05919614184419097 -0.0570997035452633 -0.02904258811820746 0.036991510778684865 -0.024289464623353126 -0.011047298666725686 -0.02469552393163444 -0.026138352263833462 0.023844873519999015 -0.023109914892454883 -0.04079522929462701 -0.06481309077999874 -0.048947031741665176 -0.062455532030965356 -0.0615896681639761 
0.16889916337638963 0.09177310747644532 0.15722855185582882 0.08659218713579381 0.009673167293977374 0.16024743507879657 -0.0060376041206277 0.043449995219464785 -0.06139131134546815 0.031492748866875885 0.10487263482507382 0.1218015653319889 -0.024999824222225395 0.10487433616188284 0.24976321591004969 1.0 -0.09684893025072142 -0.2749415818739929 -0.3112281161458491 0.07191760471539824 -0.37759572191621327 -0.32278113622920745 -0.31410017341104224 0.09479150630413379 0.10615159818036368 0.19662003861285396 -0.06698174849497034 -0.05145359181307683 -0.08167106527516124 0.30419573983658355 -0.14118766658467352 -0.31982023258663494 0.1537677558867842 -0.025004812718468095 0.20371397312608105 -0.0758324190209545 -0.026373385361742684 -0.04220151579954068 -0.03209227251522165 -0.052390402440986895 -0.02805822562743094 
-0.04839943931480972 -0.04439881012128961 -0.0593510778952224 -0.04422500057376618 -0.033748484172673274 -0.05620668577989566 -3.2152173663777906E-4 -0.03763302235060159 -0.031350269484634596 -0.03833978633257952 -0.027366623500696248 -0.03836115697918599 -0.030096947323535538 -0.02736759971563997 -0.04199489507065625 -0.09684893025072142 1.0 0.35064350970950464 0.029645821037528827 0.3226840683581993 0.018546962414865583 -0.07556110491543079 -0.08787478488630042 -0.015667162129603937 -0.0036565633343259045 -0.06864799662983274 -0.060489118794457675 -0.052781159874557414 -0.05629228815820526 0.03139085501813665 -0.09524158249599053 -0.0631559016763721 -0.03763052891932274 -0.03442999237061716 -0.015467249590933674 -0.04730450883590481 -0.031319777466137844 -0.050289646656230494 -0.038369446995329605 -0.04252139730819618 -0.06144603581471259 
-0.059238087463693995 -0.06056462492116459 -0.09535792018161052 -0.059057573055814404 -0.025367283723744485 -0.042595522916086856 0.08384512017085635 -0.03053157519245249 -0.02975778848055336 -0.04232019237587945 -0.00446115800971415 -0.02332573451861347 -0.026547436524713135 -0.004462059566027635 -0.04633351669000584 -0.2749415818739929 0.35064350970950464 1.0 0.16475479352403374 0.05618292627766053 0.11663217246160194 -0.08581154795620002 -0.10843670030989261 -0.0064795139883595 0.03011972215277736 -0.10775380437131461 -0.09028688724276232 -0.07664930904495898 -0.13350145375042186 0.10073580088679655 -0.17758388207344766 -0.06498293434732375 -0.013854282039925335 -0.04503821062474216 0.014201925189233694 -0.08039808815706034 -0.026159263355402522 -0.042601118053190855 -0.032938588989649374 -0.031043544974274133 -0.05601615986900717 
-0.08584067349245243 -0.08134335619119823 -0.1308767633845839 -0.07909098737955612 -0.029577119081947316 -0.06230517017908083 0.12305014514944766 -0.03843847483504937 -0.028496019790967886 -0.05212115739379531 0.017513761353058585 -0.006182521159135609 -0.027989912752985287 0.01751245884004186 -0.021923353951518777 -0.3112281161458491 0.029645821037528827 0.16475479352403374 1.0 -0.06928310157817825 -0.1114767967871525 0.18089983756384095 0.16436678839072016 -0.12986181435901434 -0.1543620730568006 0.20147224440449102 0.04540328227215121 0.02641053030684904 0.13152080631076477 -0.26548111297397553 0.15843356850668353 0.22604771126320378 -0.09109841839742912 -0.03363819584045982 -0.07877135307164451 -0.028384102727299364 -0.02892145989023683 -0.046522507084511895 -0.035556267177744426 -0.03491407425442982 -0.05930771156486074 
-0.03554472952696898 -0.028430635404348686 -0.02359196660698628 -0.030039556671151425 -0.04249889243624258 -0.06196500746195717 -0.06738683618612223 -0.043812709432943166 -0.03973122112580909 -0.03149454963589156 -0.03756854659077733 -0.040897088256636495 -0.03747146665278057 -0.037569640828072896 -0.024857719842625435 0.07191760471539824 0.3226840683581993 0.05618292627766053 -0.06928310157817825 1.0 -0.03557271016276623 -0.13548914725923297 -0.13808423671898118 -0.010721084100569114 -0.010629291066271036 -0.04114922071213742 -0.0531945419903652 -0.04753943766661203 -0.023353115141821087 0.05014567977088733 -0.056121585814783506 -0.07212141453269925 -0.03591930185776527 -0.030395556433577837 -0.010821352242872695 -0.0316583878916203 -0.04023561952417069 -0.06409975354237417 -0.048537673065422615 -0.06042387622589588 -0.07666620133085546 
-0.10980407282104614 -0.11422831995471916 -0.18493067195991833 -0.11080927011135078 -0.037418451853071605 -0.06805438681746197 0.1848864568848921 -0.04801451226794038 -0.046557400093574404 -0.0771697414778614 0.0186956843384292 -0.02750790413323193 -0.04122115520550685 0.018694263953504157 -0.047545507960461676 -0.37759572191621327 0.018546962414865583 0.11663217246160194 -0.1114767967871525 -0.03557271016276623 1.0 0.08397920277795862 0.07562210613036349 -0.11741680102441546 -0.15710639122478817 0.1046694151743805 0.048722460141280136 0.03185532097973112 0.13357987337801408 -0.2407087021311716 0.13130701569709854 0.22582324707596477 -0.13232022395398904 -0.0518602023878397 -0.11253197555446448 -0.04546909045904105 -0.042343733122985824 -0.06821562492577474 -0.05221028028365893 -0.05068954955844736 -0.08022455549101255 
-0.0944833164427817 -0.08320773847872893 -0.13134867579811635 -0.08062404024247358 -0.029481613280587567 -0.07580795876578036 0.0794170571743804 -0.04147888487502659 -0.021867034088449616 -0.05231931681229338 -0.026609431015843614 -0.060207212971049986 -0.02481027003743601 -0.026610789257885962 -0.07867421226994953 -0.32278113622920745 -0.07556110491543079 -0.08581154795620002 0.18089983756384095 -0.13548914725923297 0.08397920277795862 1.0 0.05371538188628528 0.174109716852251 0.31115778691493107 -0.09738857629401469 0.05227005006011855 0.04263125678166906 0.1070958052368561 -0.13888213894689033 0.07458644212197409 0.10868115955806264 -0.12064553155370773 -0.024639538777075986 -0.11808760705133849 -6.55700744148964E-4 -0.026131058287203062 -0.0418307784551964 -0.03182278548188472 -0.030923714276066765 -0.052751271485965034 
-0.1053760797069506 -0.09216471775556273 -0.14024360927695007 -0.08988185182376986 -0.04079739078422872 -0.09336856303701478 0.06375522258457907 -0.05342267052107687 -0.03194683180011665 -0.06456451827778913 -0.03668421290255941 -0.07100701131266192 -0.03454121349298726 -0.036685715597359746 -0.08645071380194465 -0.31410017341104224 -0.08787478488630042 -0.10843670030989261 0.16436678839072016 -0.13808423671898118 0.07562210613036349 0.05371538188628528 1.0 0.16531927950685732 0.29187060471136167 -0.1107257536418238 0.03603663019826336 0.026642849186459358 0.10285646484213974 -0.16247745220840004 0.06648231260543461 0.10513501330567766 -0.13605898658685975 -0.03438664927469823 -0.12742168294198294 -0.012373067610015677 -0.03639937371556759 -0.05826058346584381 -0.04431608049789045 -0.045078183875790365 -0.07027010823464408 
-0.019806720547429824 -0.015734459048571375 -0.004495994028495869 -0.017436396676238086 -0.03648530057147392 -0.048853101022363773 -0.08016767067288977 -0.03612522208685805 -0.03451741420722355 -0.03391205171024717 -0.03835893283339249 -0.03629977019337854 -0.03207874509010205 -0.03835978679870598 -0.02863320199850684 0.09479150630413379 -0.015667162129603937 -0.0064795139883595 -0.12986181435901434 -0.010721084100569114 -0.11741680102441546 0.174109716852251 0.16531927950685732 1.0 -0.017250277704259104 -9.827880523542096E-4 -0.08253325290711101 -0.07434264523621871 -0.06706740243968701 0.009282654220389814 -0.09879412838184153 -0.09440592895153684 -0.027883983083493595 -0.03216120005309644 -0.0041208852529149185 -0.04575390886465076 -0.033859186658412574 -0.05417274942761283 -0.04119056325949094 -0.04824959882677998 -0.05826384026870259 
-0.014884072963631922 -0.011302562188234786 0.002518305463647868 -0.013095663449936302 -0.03452423763980587 -0.044813216822514525 -0.08709657398140815 -0.03370592649278076 -0.0328852144540361 -0.030214345752611914 -0.04099304081987786 -0.03857015531789283 -0.030389929874252545 -0.04099379444307241 -0.021231240842813654 0.10615159818036368 -0.0036565633343259045 0.03011972215277736 -0.1543620730568006 -0.010629291066271036 -0.15710639122478817 0.31115778691493107 0.29187060471136167 -0.017250277704259104 1.0 0.019833002623895504 -0.09188988177709223 -0.08019015135608457 -0.0898371525519208 0.05333254674159828 -0.12926148082457298 -0.12914324002125246 -0.019679821497491 -0.030478031040411198 0.003932710282486816 -0.04539983593332419 -0.03207880225917695 -0.051323367712714674 -0.0390233841007234 -0.04619158131935002 -0.05560492935440625 
-0.0012150562769520032 0.002335096532256153 0.02647786993561533 -1.0558895369853945E-4 -0.0329564630320017 -0.03894778606559171 -0.11128456984533715 -0.03028719274291569 -0.030334334838579197 -0.02136258819879267 -0.03866904150537973 -0.02862322317620412 -0.028069747340254192 -0.038669646378781064 -0.006474348207773871 0.19662003861285396 -0.06864799662983274 -0.10775380437131461 0.20147224440449102 -0.04114922071213742 0.1046694151743805 -0.09738857629401469 -0.1107257536418238 -9.827880523542096E-4 0.019833002623895504 1.0 -0.08241174180340717 -0.07251871508953467 -0.07379946873895202 0.06085891194965486 -0.11894433215752485 -0.15597887358753137 -0.0098760553077998 -0.023687664350299474 0.011630837957390368 -0.034636006905898305 -0.030083712718882178 -0.04794902328111415 -0.03632442360644361 -0.045587274007580975 -0.05134863022466273 
-0.05755491924408165 -0.05015979847142816 -0.06178039277951944 -0.05030632134990417 -0.04083486663778733 -0.07243045822466614 -0.029779805926029013 -0.046157802083063124 -0.03495406604311297 -0.044563168514062106 -0.03132003993719105 -0.05030435229333473 -0.03491148075437444 -0.031322885345942734 -0.05919614184419097 -0.06698174849497034 -0.060489118794457675 -0.09028688724276232 0.04540328227215121 -0.0531945419903652 0.048722460141280136 0.05227005006011855 0.03603663019826336 -0.08253325290711101 -0.09188988177709223 -0.08241174180340717 1.0 0.3551245311955215 0.3252725386384993 -0.025857471048414703 -0.076261147678362 -0.13610871070135575 -0.11357816347063358 -0.01290561463354659 -0.07141414408778803 0.03390755828524968 -0.03876545919839537 -0.06125272622150438 -0.04601122181095376 -0.056596773391481406 -0.06837298477070075 
-0.05246695003044726 -0.044935825233873065 -0.054339258350969685 -0.04521709981357397 -0.03774819131036558 -0.06647031322239945 -0.032128304596318887 -0.04254828198998302 -0.03269892259280781 -0.04459822253000424 -0.03458274651070805 -0.04970135781454302 -0.03250591122232253 -0.03458580950557655 -0.0570997035452633 -0.05145359181307683 -0.052781159874557414 -0.07664930904495898 0.02641053030684904 -0.04753943766661203 0.03185532097973112 0.04263125678166906 0.026642849186459358 -0.07434264523621871 -0.08019015135608457 -0.07251871508953467 0.3551245311955215 1.0 0.6673658700807178 -0.015276251902439135 -0.09545849302686092 -0.17942596535744823 -0.11659302587871691 -0.019082599432174004 -0.11376543336251184 0.011150208852437381 -0.035471759349950706 -0.05628612283707696 -0.04245639655437253 -0.04991258793364308 -0.06294291502952735 
-0.04149014959308197 -0.03439238550597276 -0.05033951436638703 -0.033656980218184585 -0.014469180034327737 -0.03856400745255194 0.016389033350544084 -0.019945442371141722 -0.008236696492555089 -1.3636486653882644E-4 0.00375489174343112 -0.020430551513924162 -0.010760654227443833 0.0037515541096387614 -0.02904258811820746 -0.08167106527516124 -0.05629228815820526 -0.13350145375042186 0.13152080631076477 -0.023353115141821087 0.13357987337801408 0.1070958052368561 0.10285646484213974 -0.06706740243968701 -0.0898371525519208 -0.07379946873895202 0.3252725386384993 0.6673658700807178 1.0 -0.15910447554751725 -0.05535424514056954 -0.34179973441820843 -0.15633172608210447 0.038797246571427156 -0.19758693203520533 0.1415826472731936 -0.01570788174342923 -0.023384335408955525 -0.01650323101956512 -0.03231998452998631 -0.046514339330891795 
0.059455333129382754 0.04237164686690845 0.09456575697893783 0.03770838088186414 -0.028014375478981272 0.014683184562830966 -0.12481865622933094 -0.013559134801632374 -0.04583821443438853 0.07488324826447164 -0.0036658756676909146 0.005577721403552985 -0.03296905122142759 -0.0036667864415017818 0.036991510778684865 0.30419573983658355 0.03139085501813665 0.10073580088679655 -0.26548111297397553 0.05014567977088733 -0.2407087021311716 -0.13888213894689033 -0.16247745220840004 0.009282654220389814 0.05333254674159828 0.06085891194965486 -0.025857471048414703 -0.015276251902439135 -0.15910447554751725 1.0 -0.05103699593755309 0.2550575572948949 0.15248626633464538 0.013698308372581862 0.19262798228707054 0.03022415028877137 -0.03937324436298209 -0.06115743477116537 -0.04515835331217019 -0.09097092858718127 -0.08450531004662594 
-0.06539248035018198 -0.058430149269590406 -0.08229080159176203 -0.0581997903904925 -0.03690063502351262 -0.06272320740610768 0.03289070690441232 -0.04226777343735752 -0.03716083293460356 -0.05204142120844561 0.03479828215271365 0.0018199111348699295 -0.034941158350501024 0.03479847952384883 -0.024289464623353126 -0.14118766658467352 -0.09524158249599053 -0.17758388207344766 0.15843356850668353 -0.056121585814783506 0.13130701569709854 0.07458644212197409 0.06648231260543461 -0.09879412838184153 -0.12926148082457298 -0.11894433215752485 -0.076261147678362 -0.09545849302686092 -0.05535424514056954 -0.05103699593755309 1.0 0.0859556148280224 -0.09884398682010472 0.04126294455039696 0.08175423769704716 0.21966635351264752 -0.04354071751057196 -0.06698722753044765 -0.04897861858783079 -0.06879891608878663 -0.04672194265448581 
-0.029943890946431677 -0.04699017540715228 -0.07953485291938941 -0.0454938219478759 -0.01661329798009458 -0.005988523801032556 0.13231479580036903 -0.0160096197687212 -0.03258266937038347 -0.03414449065177305 0.03313372816775716 0.026625868916212114 -0.023919135667557462 0.033133045877985594 -0.011047298666725686 -0.31982023258663494 -0.0631559016763721 -0.06498293434732375 0.22604771126320378 -0.07212141453269925 0.22582324707596477 0.10868115955806264 0.10513501330567766 -0.09440592895153684 -0.12914324002125246 -0.15597887358753137 -0.13610871070135575 -0.17942596535744823 -0.34179973441820843 0.2550575572948949 0.0859556148280224 1.0 0.08461496225395267 -0.06390848892961068 0.13325786530713438 -0.1585405529120328 -0.021298873392795764 -0.03566278944846825 -0.028275514706184737 -0.02238721870098803 -0.01847009851210758 
-0.020483401109994723 -0.01572821146687235 0.005419038913240327 -0.018943702712303823 -0.048728003541649086 -0.054838798898648705 -0.11030468266845748 -0.04625307768346113 -0.05387474879873573 -0.08506623904238465 0.05064760539838396 0.02578042558674829 -0.047148364416379165 0.05064822047582417 -0.02469552393163444 0.1537677558867842 -0.03763052891932274 -0.013854282039925335 -0.09109841839742912 -0.03591930185776527 -0.13232022395398904 -0.12064553155370773 -0.13605898658685975 -0.027883983083493595 -0.019679821497491 -0.0098760553077998 -0.11357816347063358 -0.11659302587871691 -0.15633172608210447 0.15248626633464538 -0.09884398682010472 0.08461496225395267 1.0 0.08176809591897877 -0.04168869153577764 0.40332917645443217 -0.06160160395676639 -0.09380434223034552 -0.06784937793880512 -0.0971296215018846 -0.007636229947829774 
-0.05603929047532481 -0.041519289112618096 -0.05189772055039812 -0.0415125625070015 -0.03317958039579404 -0.07148402780041663 -0.04751427049528119 -0.040184788949713494 -0.021562909951607676 -0.07336624808108178 -0.04199678856481053 -0.05141848474776928 -0.025006629327768534 -0.041997551725841346 -0.026138352263833462 -0.025004812718468095 -0.03442999237061716 -0.04503821062474216 -0.03363819584045982 -0.030395556433577837 -0.0518602023878397 -0.024639538777075986 -0.03438664927469823 -0.03216120005309644 -0.030478031040411198 -0.023687664350299474 -0.01290561463354659 -0.019082599432174004 0.038797246571427156 0.013698308372581862 0.04126294455039696 -0.06390848892961068 0.08176809591897877 1.0 -0.18234486243204306 0.004038005449715117 -0.02638054359749926 -0.042212978522084485 -0.03210099552910372 -0.0257313597487384 -0.009764161041117984 
0.015353127542445243 0.012776488642779533 0.044265811569461855 0.009197595674936448 -0.02953535279240362 -0.012605342823594148 -0.09739432424821291 -0.022591618666577704 -0.041464788246253305 -0.060905061458572135 0.09260106585489568 0.07107056847954508 -0.03269420833701726 0.09260254568613659 0.023844873519999015 0.20371397312608105 -0.015467249590933674 0.014201925189233694 -0.07877135307164451 -0.010821352242872695 -0.11253197555446448 -0.11808760705133849 -0.12742168294198294 -0.0041208852529149185 0.003932710282486816 0.011630837957390368 -0.07141414408778803 -0.11376543336251184 -0.19758693203520533 0.19262798228707054 0.08175423769704716 0.13325786530713438 -0.04168869153577764 -0.18234486243204306 1.0 0.49712688527903404 -0.04835154885399623 -0.07179923796169008 -0.05052867044418203 -0.083416194565372 0.02701575348105548 
-0.04733722209600914 -0.043262887805855535 -0.057741325749620515 -0.043039118418045835 -0.03134970598566711 -0.055249499215275166 0.003447137237592591 -0.03546115260067291 -0.026991890832042363 0.06849113093563133 -0.08899424378958089 -0.09960167023792728 -0.026843260925419703 -0.08899546172771997 -0.023109914892454883 -0.0758324190209545 -0.04730450883590481 -0.08039808815706034 -0.028384102727299364 -0.0316583878916203 -0.04546909045904105 -6.55700744148964E-4 -0.012373067610015677 -0.04575390886465076 -0.04539983593332419 -0.034636006905898305 0.03390755828524968 0.011150208852437381 0.1415826472731936 0.03022415028877137 0.21966635351264752 -0.1585405529120328 0.40332917645443217 0.004038005449715117 0.49712688527903404 1.0 -0.03463014939477062 -0.05287683977747926 -0.03835640477741737 -0.05641371501489867 0.06931962500283921 
-0.03521552215758728 -0.030539809445153946 -0.03581277389183372 -0.030946754129612442 -0.029945233598239463 -0.04804544578323507 -0.027166611825862937 -0.03249494596769911 -0.02747345046443579 -0.026766789615621008 -0.031736226518805144 -0.039420393949330425 -0.026373570953292062 -0.03173701743427899 -0.04079522929462701 -0.026373385361742684 -0.031319777466137844 -0.026159263355402522 -0.02892145989023683 -0.04023561952417069 -0.042343733122985824 -0.026131058287203062 -0.03639937371556759 -0.033859186658412574 -0.03207880225917695 -0.030083712718882178 -0.03876545919839537 -0.035471759349950706 -0.01570788174342923 -0.03937324436298209 -0.04354071751057196 -0.021298873392795764 -0.06160160395676639 -0.02638054359749926 -0.04835154885399623 -0.03463014939477062 1.0 0.7658333320566987 -0.05485237774407304 -0.040017601356823175 -0.05736453827525951 
-0.057544265020928714 -0.04952107571517056 -0.058225222424238575 -0.05015142652006537 -0.04817288820113387 -0.07826614837943563 -0.04476029016289817 -0.052497912687072074 -0.043722136878254284 -0.046132313170766354 -0.051157500185120316 -0.06352057397434092 -0.04220181292262965 -0.051158778192627 -0.06481309077999874 -0.04220151579954068 -0.050289646656230494 -0.042601118053190855 -0.046522507084511895 -0.06409975354237417 -0.06821562492577474 -0.0418307784551964 -0.05826058346584381 -0.05417274942761283 -0.051323367712714674 -0.04794902328111415 -0.06125272622150438 -0.05628612283707696 -0.023384335408955525 -0.06115743477116537 -0.06698722753044765 -0.03566278944846825 -0.09380434223034552 -0.042212978522084485 -0.07179923796169008 -0.05287683977747926 0.7658333320566987 1.0 0.5990684312414671 -0.0631942906829259 -0.08872105372166224 
-0.04463228225814614 -0.038135414045714806 -0.04494933465596895 -0.03859954858444274 -0.036820209433753213 -0.060530630200956115 -0.0349804915604461 -0.0402883041486453 -0.03307348840926097 -0.03749413077907743 -0.03917664682402978 -0.04862730381308472 -0.03209249848543662 -0.039177627811781336 -0.048947031741665176 -0.03209227251522165 -0.038369446995329605 -0.032938588989649374 -0.035556267177744426 -0.048537673065422615 -0.05221028028365893 -0.03182278548188472 -0.04431608049789045 -0.04119056325949094 -0.0390233841007234 -0.03632442360644361 -0.04601122181095376 -0.04245639655437253 -0.01650323101956512 -0.04515835331217019 -0.04897861858783079 -0.028275514706184737 -0.06784937793880512 -0.03210099552910372 -0.05052867044418203 -0.03835640477741737 -0.05485237774407304 0.5990684312414671 1.0 -0.047442331124939806 -0.06522373921664011 
-0.05042175278129082 -0.04441377274006776 -0.05332999857767919 -0.04477399820464584 -0.041228610248387663 -0.06769627892831856 -0.03465364898899172 -0.04516105440285401 -0.0371014675756852 0.9270351846238869 -0.046807786446459027 -0.055457440443075316 -0.035951966120917896 -0.046809063936985765 -0.062455532030965356 -0.052390402440986895 -0.04252139730819618 -0.031043544974274133 -0.03491407425442982 -0.06042387622589588 -0.05068954955844736 -0.030923714276066765 -0.045078183875790365 -0.04824959882677998 -0.04619158131935002 -0.045587274007580975 -0.056596773391481406 -0.04991258793364308 -0.03231998452998631 -0.09097092858718127 -0.06879891608878663 -0.02238721870098803 -0.0971296215018846 -0.0257313597487384 -0.083416194565372 -0.05641371501489867 -0.040017601356823175 -0.0631942906829259 -0.047442331124939806 1.0 0.4833283172570282 
-0.05692551180898887 -0.0549889830153794 -0.0660554369808923 -0.05545143354025107 -0.051455273291591594 -0.0766175371184483 -0.03355498825629316 -0.0548807112116327 -0.0508603054224689 0.41920445799698247 -0.06493959800439472 -0.07120492784150409 -0.04713329146996336 -0.06494153242623293 -0.0615896681639761 -0.02805822562743094 -0.06144603581471259 -0.05601615986900717 -0.05930771156486074 -0.07666620133085546 -0.08022455549101255 -0.052751271485965034 -0.07027010823464408 -0.05826384026870259 -0.05560492935440625 -0.05134863022466273 -0.06837298477070075 -0.06294291502952735 -0.046514339330891795 -0.08450531004662594 -0.04672194265448581 -0.01847009851210758 -0.007636229947829774 -0.009764161041117984 0.02701575348105548 0.06931962500283921 -0.05736453827525951 -0.08872105372166224 -0.06522373921664011 0.4833283172570282 1.0 
